MSE: 6676.997198398386
R2: 0.015718074507251156
