MSE: 258.57153770934417
R2: 0.9627075737684683
