MSE: 242.62229826008232
R2: 0.9650078495098734
