MSE: 743.8314481613014
R2: 0.8927210641395882
